V 54
K 1
D 0 -15240000 17780000 13716000
Y 1
U 17399000 13716000 254000 0 2 3 REFDES=IC?
U 17399000 13462000 254000 0 2 3 DEVICE=RK3506G2
U 17399000 13208000 254000 0 2 0 PKG_TYPE=QFN35P1230X1230X145-129N-D
U 17399000 12954000 254000 0 2 0 Description=QFN-128(12.3x12.3) Microcontrollers RoHS 440 mV,,2.5 V,1200 MHz,98 dB,250 mV,62.5 ohm ,-20 25 80 
U 17399000 12700000 254000 0 2 0 Datasheet Link=https://opensource.rock-chips.com/images/5/51/Rockchip_RK3506G2_Datasheet_V1.3-20250811.pdf
U 17399000 12446000 254000 0 2 0 Height=1.45
U 17399000 12192000 254000 0 2 0 Manufacturer_Name=Rockchip
U 17399000 11938000 254000 0 2 0 Manufacturer_Part_Number=RK3506G2
U 17399000 11684000 254000 0 2 0 Mouser Part Number=
U 17399000 11430000 254000 0 2 0 Mouser Price/Stock=
U 17399000 11176000 254000 0 2 0 Arrow Part Number=
U 17399000 10922000 254000 0 2 0 Arrow Price/Stock=
U 0 0 254000 0 1 0 FORWARD_PCB=1
l 5 508000 13208000 17272000 13208000 17272000 -14732000 508000 -14732000 508000 13208000
|GRPHSTL -1 -1 -1 1
P 1 0 0 508000 0 0 2 0
L 584200 0 228600 0 2 0 1 0 SPI0_MOSI/RM_IO17/GPIO0_C1_D
A 355600 50800 203200 0 9 3 #=1
A 0 0 9 0 3 0 PINTYPE=BI
P 2 0 -254000 508000 -254000 0 2 0
L 584200 -254000 228600 0 2 0 1 0 SPI0_CLK/RM_IO16/GPIO0_C0_D
A 355600 -203200 203200 0 9 3 #=2
A 0 0 9 0 3 0 PINTYPE=BI
P 3 0 -508000 508000 -508000 0 2 0
L 584200 -508000 228600 0 2 0 1 0 SAI1_SDO3/SPI0_CSN1/RM_IO15/GPIO0_B7_D
A 355600 -457200 203200 0 9 3 #=3
A 0 0 9 0 3 0 PINTYPE=BI
P 4 0 -762000 508000 -762000 0 2 0
L 584200 -762000 228600 0 2 0 1 0 SAI1_SDO2/SPI1_CSN0/RM_IO14/GPIO0_B6_D
A 355600 -711200 203200 0 9 3 #=4
A 0 0 9 0 3 0 PINTYPE=BI
P 5 0 -1016000 508000 -1016000 0 2 0
L 584200 -1016000 228600 0 2 0 1 0 SAI1_SDO1/RM_IO13/GPIO0_B5_D
A 355600 -965200 203200 0 9 3 #=5
A 0 0 9 0 3 0 PINTYPE=BI
P 6 0 -1270000 508000 -1270000 0 2 0
L 584200 -1270000 228600 0 2 0 1 0 SAI1_SDO0/RM_IO12/GPIO0_B4_D
A 355600 -1219200 203200 0 9 3 #=6
A 0 0 9 0 3 0 PINTYPE=BI
P 7 0 -1524000 508000 -1524000 0 2 0
L 584200 -1524000 228600 0 2 0 1 0 SAI1_SDI/RM_IO11/GPIO0_B3_D
A 355600 -1473200 203200 0 9 3 #=7
A 0 0 9 0 3 0 PINTYPE=BI
P 8 0 -1778000 508000 -1778000 0 2 0
L 584200 -1778000 228600 0 2 0 1 0 SAI1_LRCK/SPI1_MISO/RM_IO10/GPIO0_B2_D
A 355600 -1727200 203200 0 9 3 #=8
A 0 0 9 0 3 0 PINTYPE=BI
P 9 0 -2032000 508000 -2032000 0 2 0
L 584200 -2032000 228600 0 2 0 1 0 PMUIO_VCC3V3
A 355600 -1981200 203200 0 9 3 #=9
A 0 0 9 0 3 0 PINTYPE=BI
P 10 0 -2286000 508000 -2286000 0 2 0
L 584200 -2286000 228600 0 2 0 1 0 NPOR
A 355600 -2235200 203200 0 9 3 #=10
A 0 0 9 0 3 0 PINTYPE=BI
P 11 0 -2540000 508000 -2540000 0 2 0
L 584200 -2540000 228600 0 2 0 1 0 PMU_LOGIC_DVDD0V9
A 355600 -2489200 203200 0 9 3 #=11
A 0 0 9 0 3 0 PINTYPE=BI
P 12 0 -2794000 508000 -2794000 0 2 0
L 584200 -2794000 228600 0 2 0 1 0 SAI1_SCLK/SPI1_MOSI/RM_IO9/GPIO0_B1_D
A 355600 -2743200 203200 0 9 3 #=12
A 0 0 9 0 3 0 PINTYPE=BI
P 13 0 -3048000 508000 -3048000 0 2 0
L 584200 -3048000 228600 0 2 0 1 0 SAI1_MCLK/SPI1_CLK/RM_IO8/GPIO0_B0_D
A 355600 -2997200 203200 0 9 3 #=13
A 0 0 9 0 3 0 PINTYPE=BI
P 14 0 -3302000 508000 -3302000 0 2 0
L 584200 -3302000 228600 0 2 0 1 0 SAI0_SDI3/SPI1_CSN1/RM_IO7/GPIO0_A7_D
A 355600 -3251200 203200 0 9 3 #=14
A 0 0 9 0 3 0 PINTYPE=BI
P 15 0 -3556000 508000 -3556000 0 2 0
L 584200 -3556000 228600 0 2 0 1 0 SAI0_SDI2/RM_IO6/GPIO0_A6_D
A 355600 -3505200 203200 0 9 3 #=15
A 0 0 9 0 3 0 PINTYPE=BI
P 16 0 -3810000 508000 -3810000 0 2 0
L 584200 -3810000 228600 0 2 0 1 0 SAI0_SDI1/RM_IO5/GPIO0_A5_D
A 355600 -3759200 203200 0 9 3 #=16
A 0 0 9 0 3 0 PINTYPE=BI
P 17 0 -4064000 508000 -4064000 0 2 0
L 584200 -4064000 228600 0 2 0 1 0 SAI0_SDI0/RM_IO4/GPIO0_A4_D
A 355600 -4013200 203200 0 9 3 #=17
A 0 0 9 0 3 0 PINTYPE=BI
P 18 0 -4318000 508000 -4318000 0 2 0
L 584200 -4318000 228600 0 2 0 1 0 SAI0_SDO/RM_IO3/GPIO0_A3_D
A 355600 -4267200 203200 0 9 3 #=18
A 0 0 9 0 3 0 PINTYPE=BI
P 19 0 -4572000 508000 -4572000 0 2 0
L 584200 -4572000 228600 0 2 0 1 0 SAI0_MCLK/RM_IO2/GPIO0_A2_U
A 355600 -4521200 203200 0 9 3 #=19
A 0 0 9 0 3 0 PINTYPE=BI
P 20 0 -4826000 508000 -4826000 0 2 0
L 584200 -4826000 228600 0 2 0 1 0 SAI0_SCLK/RM_IO1/GPIO0_A1_D
A 355600 -4775200 203200 0 9 3 #=20
A 0 0 9 0 3 0 PINTYPE=BI
P 21 0 -5080000 508000 -5080000 0 2 0
L 584200 -5080000 228600 0 2 0 1 0 SAI0_LRCK/RM_IO0/GPIO0_A0_U
A 355600 -5029200 203200 0 9 3 #=21
A 0 0 9 0 3 0 PINTYPE=BI
P 22 0 -5334000 508000 -5334000 0 2 0
L 584200 -5334000 228600 0 2 0 1 0 DDR_VDDQ_1
A 355600 -5283200 203200 0 9 3 #=22
A 0 0 9 0 3 0 PINTYPE=BI
P 23 0 -5588000 508000 -5588000 0 2 0
L 584200 -5588000 228600 0 2 0 1 0 DDR_VDDQ_2
A 355600 -5537200 203200 0 9 3 #=23
A 0 0 9 0 3 0 PINTYPE=BI
P 24 0 -5842000 508000 -5842000 0 2 0
L 584200 -5842000 228600 0 2 0 1 0 VSS_1
A 355600 -5791200 203200 0 9 3 #=24
A 0 0 9 0 3 0 PINTYPE=BI
P 25 0 -6096000 508000 -6096000 0 2 0
L 584200 -6096000 228600 0 2 0 1 0 DDR_VDDQ_3
A 355600 -6045200 203200 0 9 3 #=25
A 0 0 9 0 3 0 PINTYPE=BI
P 26 0 -6350000 508000 -6350000 0 2 0
L 584200 -6350000 228600 0 2 0 1 0 SAI2_MCLK_M0/ETH_RMII1_RXDVCRS/GPIO3_B6_D
A 355600 -6299200 203200 0 9 3 #=26
A 0 0 9 0 3 0 PINTYPE=BI
P 27 0 -6604000 508000 -6604000 0 2 0
L 584200 -6604000 228600 0 2 0 1 0 UART5_RTSN_M0/ETH_RMII1_MDIO/GPIO3_B5_D
A 355600 -6553200 203200 0 9 3 #=27
A 0 0 9 0 3 0 PINTYPE=BI
P 28 0 -6858000 508000 -6858000 0 2 0
L 584200 -6858000 228600 0 2 0 1 0 UART5_TX_M0/ETH_RMII1_MDC/GPIO3_B4_D
A 355600 -6807200 203200 0 9 3 #=28
A 0 0 9 0 3 0 PINTYPE=BI
P 29 0 -7112000 508000 -7112000 0 2 0
L 584200 -7112000 228600 0 2 0 1 0 UART5_RX_M0/ETH_RMII1_TXEN/GPIO3_B3_D
A 355600 -7061200 203200 0 9 3 #=29
A 0 0 9 0 3 0 PINTYPE=BI
P 30 0 -7366000 508000 -7366000 0 2 0
L 584200 -7366000 228600 0 2 0 1 0 UART5_CTSN_M0/ETH_RMII1_TXD1/GPIO3_B2_D
A 355600 -7315200 203200 0 9 3 #=30
A 0 0 9 0 3 0 PINTYPE=BI
P 31 0 -7620000 508000 -7620000 0 2 0
L 584200 -7620000 228600 0 2 0 1 0 SAI2_LRCK_M0/ETH_RMII1_TXD0/GPIO3_B1_D
A 355600 -7569200 203200 0 9 3 #=31
A 0 0 9 0 3 0 PINTYPE=BI
P 32 0 -7874000 508000 -7874000 0 2 0
L 584200 -7874000 228600 0 2 0 1 0 SAI2_SDO_M0/ETH_RMII1_CLK/GPIO3_B0_D
A 355600 -7823200 203200 0 9 3 #=32
A 0 0 9 0 3 0 PINTYPE=BI
P 33 4826000 -15240000 4826000 -14732000 0 1 0
L 4826000 -14655800 228600 1 2 0 1 0 SAI2_SCLK_M0/ETH_RMII1_RXD1/GPIO3_A7_D
A 4775200 -14884400 203200 1 9 3 #=33
A 0 0 9 0 3 0 PINTYPE=BI
P 34 5080000 -15240000 5080000 -14732000 0 1 0
L 5080000 -14655800 228600 1 2 0 1 0 SAI2_SDI_M0/ETH_RMII1_RXD0/GPIO3_A6_D
A 5029200 -14884400 203200 1 9 3 #=34
A 0 0 9 0 3 0 PINTYPE=BI
P 35 5334000 -15240000 5334000 -14732000 0 1 0
L 5334000 -14655800 228600 1 2 0 1 0 SDMMC_D1/TEST_CLK_OUT/GPIO3_A3_D
A 5283200 -14884400 203200 1 9 3 #=35
A 0 0 9 0 3 0 PINTYPE=BI
P 36 5588000 -15240000 5588000 -14732000 0 1 0
L 5588000 -14655800 228600 1 2 0 1 0 SDMMC_D0/GPIO3_A2_D
A 5537200 -14884400 203200 1 9 3 #=36
A 0 0 9 0 3 0 PINTYPE=BI
P 37 5842000 -15240000 5842000 -14732000 0 1 0
L 5842000 -14655800 228600 1 2 0 1 0 SDMMC_CLK/GPIO3_A0_D
A 5791200 -14884400 203200 1 9 3 #=37
A 0 0 9 0 3 0 PINTYPE=BI
P 38 6096000 -15240000 6096000 -14732000 0 1 0
L 6096000 -14655800 228600 1 2 0 1 0 SDMMC_CMD/GPIO3_A1_D
A 6045200 -14884400 203200 1 9 3 #=38
A 0 0 9 0 3 0 PINTYPE=BI
P 39 6350000 -15240000 6350000 -14732000 0 1 0
L 6350000 -14655800 228600 1 2 0 1 0 VCCIO4_VCC
A 6299200 -14884400 203200 1 9 3 #=39
A 0 0 9 0 3 0 PINTYPE=BI
P 40 6604000 -15240000 6604000 -14732000 0 1 0
L 6604000 -14655800 228600 1 2 0 1 0 SDMMC_D3/JTAG_TMS_M0/GPIO3_A5_D
A 6553200 -14884400 203200 1 9 3 #=40
A 0 0 9 0 3 0 PINTYPE=BI
P 41 6858000 -15240000 6858000 -14732000 0 1 0
L 6858000 -14655800 228600 1 2 0 1 0 SDMMC_D2/JTAG_TCK_M0/GPIO3_A4_D
A 6807200 -14884400 203200 1 9 3 #=41
A 0 0 9 0 3 0 PINTYPE=BI
P 42 7112000 -15240000 7112000 -14732000 0 1 0
L 7112000 -14655800 228600 1 2 0 1 0 ETH_RMII0_RXDVCRS/SAI3_MCLK/GPIO2_C0_D
A 7061200 -14884400 203200 1 9 3 #=42
A 0 0 9 0 3 0 PINTYPE=BI
P 43 7366000 -15240000 7366000 -14732000 0 1 0
L 7366000 -14655800 228600 1 2 0 1 0 ETH_RMII0_MDIO/DSM_AUD_LP_M1/SAI3_SDO/GPIO2_B7_D
A 7315200 -14884400 203200 1 9 3 #=43
A 0 0 9 0 3 0 PINTYPE=BI
P 44 7620000 -15240000 7620000 -14732000 0 1 0
L 7620000 -14655800 228600 1 2 0 1 0 ETH_RMII0_MDC/DSM_AUD_LN_M1/SAI3_SDI/GPIO2_B6_D
A 7569200 -14884400 203200 1 9 3 #=44
A 0 0 9 0 3 0 PINTYPE=BI
P 45 7874000 -15240000 7874000 -14732000 0 1 0
L 7874000 -14655800 228600 1 2 0 1 0 ETH_RMII0_TXEN/DSM_AUD_RP_M1/SAI3_LRCK/GPIO2_B5_D
A 7823200 -14884400 203200 1 9 3 #=45
A 0 0 9 0 3 0 PINTYPE=BI
P 46 8128000 -15240000 8128000 -14732000 0 1 0
L 8128000 -14655800 228600 1 2 0 1 0 ETH_RMII0_TXD1/DSM_AUD_RN_M1/SAI3_SCLK/GPIO2_B4_D
A 8077200 -14884400 203200 1 9 3 #=46
A 0 0 9 0 3 0 PINTYPE=BI
P 47 8382000 -15240000 8382000 -14732000 0 1 0
L 8382000 -14655800 228600 1 2 0 1 0 ETH_RMII0_TXD0/SPI2_MISO/GPIO2_B3_D
A 8331200 -14884400 203200 1 9 3 #=47
A 0 0 9 0 3 0 PINTYPE=BI
P 48 8636000 -15240000 8636000 -14732000 0 1 0
L 8636000 -14655800 228600 1 2 0 1 0 ETH_RMII0_CLK/SPI2_MOSI/GPIO2_B2_D
A 8585200 -14884400 203200 1 9 3 #=48
A 0 0 9 0 3 0 PINTYPE=BI
P 49 8890000 -15240000 8890000 -14732000 0 1 0
L 8890000 -14655800 228600 1 2 0 1 0 ETH_RMII0_RXD1/SPI2_CSN/GPIO2_B1_D
A 8839200 -14884400 203200 1 9 3 #=49
A 0 0 9 0 3 0 PINTYPE=BI
P 50 9144000 -15240000 9144000 -14732000 0 1 0
L 9144000 -14655800 228600 1 2 0 1 0 ETH_RMII0_RXD0/SPI2_CLK/GPIO2_B0_D
A 9093200 -14884400 203200 1 9 3 #=50
A 0 0 9 0 3 0 PINTYPE=BI
P 51 9398000 -15240000 9398000 -14732000 0 1 0
L 9398000 -14655800 228600 1 2 0 1 0 LOGIC_DVDD_1
A 9347200 -14884400 203200 1 9 3 #=51
A 0 0 9 0 3 0 PINTYPE=BI
P 52 9652000 -15240000 9652000 -14732000 0 1 0
L 9652000 -14655800 228600 1 2 0 1 0 VCCIO3_VCC
A 9601200 -14884400 203200 1 9 3 #=52
A 0 0 9 0 3 0 PINTYPE=BI
P 53 9906000 -15240000 9906000 -14732000 0 1 0
L 9906000 -14655800 228600 1 2 0 1 0 FSPI_D3/GPIO2_A5_U
A 9855200 -14884400 203200 1 9 3 #=53
A 0 0 9 0 3 0 PINTYPE=BI
P 54 10160000 -15240000 10160000 -14732000 0 1 0
L 10160000 -14655800 228600 1 2 0 1 0 FSPI_CLK/GPIO2_A1_D
A 10109200 -14884400 203200 1 9 3 #=54
A 0 0 9 0 3 0 PINTYPE=BI
P 55 10414000 -15240000 10414000 -14732000 0 1 0
L 10414000 -14655800 228600 1 2 0 1 0 FSPI_D0/GPIO2_A2_U
A 10363200 -14884400 203200 1 9 3 #=55
A 0 0 9 0 3 0 PINTYPE=BI
P 56 10668000 -15240000 10668000 -14732000 0 1 0
L 10668000 -14655800 228600 1 2 0 1 0 VCCIO2_VCC
A 10617200 -14884400 203200 1 9 3 #=56
A 0 0 9 0 3 0 PINTYPE=BI
P 57 10922000 -15240000 10922000 -14732000 0 1 0
L 10922000 -14655800 228600 1 2 0 1 0 FSPI_D2/GPIO2_A4_U
A 10871200 -14884400 203200 1 9 3 #=57
A 0 0 9 0 3 0 PINTYPE=BI
P 58 11176000 -15240000 11176000 -14732000 0 1 0
L 11176000 -14655800 228600 1 2 0 1 0 FSPI_D1/GPIO2_A3_U
A 11125200 -14884400 203200 1 9 3 #=58
A 0 0 9 0 3 0 PINTYPE=BI
P 59 11430000 -15240000 11430000 -14732000 0 1 0
L 11430000 -14655800 228600 1 2 0 1 0 FSPI_CSN/GPIO2_A0_U
A 11379200 -14884400 203200 1 9 3 #=59
A 0 0 9 0 3 0 PINTYPE=BI
P 60 11684000 -15240000 11684000 -14732000 0 1 0
L 11684000 -14655800 228600 1 2 0 1 0 SARADC_IN3/GPIO4_B3_Z
A 11633200 -14884400 203200 1 9 3 #=60
A 0 0 9 0 3 0 PINTYPE=BI
P 61 11938000 -15240000 11938000 -14732000 0 1 0
L 11938000 -14655800 228600 1 2 0 1 0 SARADC_IN2/GPIO4_B2_Z
A 11887200 -14884400 203200 1 9 3 #=61
A 0 0 9 0 3 0 PINTYPE=BI
P 62 12192000 -15240000 12192000 -14732000 0 1 0
L 12192000 -14655800 228600 1 2 0 1 0 SARADC_IN1/GPIO4_B1_Z
A 12141200 -14884400 203200 1 9 3 #=62
A 0 0 9 0 3 0 PINTYPE=BI
P 63 12446000 -15240000 12446000 -14732000 0 1 0
L 12446000 -14655800 228600 1 2 0 1 0 SARADC_IN0/GPIO4_B0_Z
A 12395200 -14884400 203200 1 9 3 #=63
A 0 0 9 0 3 0 PINTYPE=BI
P 64 12700000 -15240000 12700000 -14732000 0 1 0
L 12700000 -14655800 228600 1 2 0 1 0 AVCC_1V8
A 12649200 -14884400 203200 1 9 3 #=64
A 0 0 9 0 3 0 PINTYPE=BI
P 65 17780000 0 17272000 0 0 3 0
L 17195800 0 228600 0 8 0 1 0 VO_LCDC_D18/DSMC_CSN1/FLEXBUS1_D9/FLEXBUS1_CSN_M0/UART5__CTSN_M1/RM_IO24/GPIO1_B1_D
A 17424400 50800 203200 0 3 3 #=96
A 0 0 9 0 3 0 PINTYPE=BI
P 66 17780000 -254000 17272000 -254000 0 3 0
L 17195800 -254000 228600 0 8 0 1 0 VO_LCDC_D19/DSMC_D5/FLEXBUS1_D8/FLEXBUS0_CSN_M0/GPIO1_B0__D
A 17424400 -203200 203200 0 3 3 #=95
A 0 0 9 0 3 0 PINTYPE=BI
P 67 17780000 -508000 17272000 -508000 0 3 0
L 17195800 -508000 228600 0 8 0 1 0 VO_LCDC_D20/DSMC_D4/FLEXBUS1_D7/GPIO1_A7_D
A 17424400 -457200 203200 0 3 3 #=94
A 0 0 9 0 3 0 PINTYPE=BI
P 68 17780000 -762000 17272000 -762000 0 3 0
L 17195800 -762000 228600 0 8 0 1 0 VO_LCDC_D21/DSMC_D3/FLEXBUS1_D6/GPIO1_A6_D
A 17424400 -711200 203200 0 3 3 #=93
A 0 0 9 0 3 0 PINTYPE=BI
P 69 17780000 -1016000 17272000 -1016000 0 3 0
L 17195800 -1016000 228600 0 8 0 1 0 VCCIO1_VCC_1
A 17424400 -965200 203200 0 3 3 #=92
A 0 0 9 0 3 0 PINTYPE=BI
P 70 17780000 -1270000 17272000 -1270000 0 3 0
L 17195800 -1270000 228600 0 8 0 1 0 VO_LCDC_D22/DSMC_D2/FLEXBUS1_D5/GPIO1_A5_D
A 17424400 -1219200 203200 0 3 3 #=91
A 0 0 9 0 3 0 PINTYPE=BI
P 71 17780000 -1524000 17272000 -1524000 0 3 0
L 17195800 -1524000 228600 0 8 0 1 0 VO_LCDC_D23/DSMC_D1/FLEXBUS1_D4/GPIO1_A4_D
A 17424400 -1473200 203200 0 3 3 #=90
A 0 0 9 0 3 0 PINTYPE=BI
P 72 17780000 -1778000 17272000 -1778000 0 3 0
L 17195800 -1778000 228600 0 8 0 1 0 VO_LCDC_CLK/DSMC_D0/FLEXBUS1_D3/GPIO1_A3_D
A 17424400 -1727200 203200 0 3 3 #=89
A 0 0 9 0 3 0 PINTYPE=BI
P 73 17780000 -2032000 17272000 -2032000 0 3 0
L 17195800 -2032000 228600 0 8 0 1 0 VO_LCDC_HSYNC/DSMC_DQS0/FLEXBUS1_D2/GPIO1_A2_D
A 17424400 -1981200 203200 0 3 3 #=88
A 0 0 9 0 3 0 PINTYPE=BI
P 74 17780000 -2286000 17272000 -2286000 0 3 0
L 17195800 -2286000 228600 0 8 0 1 0 LOGIC_DVDD_2
A 17424400 -2235200 203200 0 3 3 #=87
A 0 0 9 0 3 0 PINTYPE=BI
P 75 17780000 -2540000 17272000 -2540000 0 3 0
L 17195800 -2540000 228600 0 8 0 1 0 VSS_2
A 17424400 -2489200 203200 0 3 3 #=86
A 0 0 9 0 3 0 PINTYPE=BI
P 76 17780000 -2794000 17272000 -2794000 0 3 0
L 17195800 -2794000 228600 0 8 0 1 0 CPU_DVDD_1
A 17424400 -2743200 203200 0 3 3 #=85
A 0 0 9 0 3 0 PINTYPE=BI
P 77 17780000 -3048000 17272000 -3048000 0 3 0
L 17195800 -3048000 228600 0 8 0 1 0 VO_LCDC_VSYNC/DSMC_CLKN/FLEXBUS1_D1/DSMC_INT0/DSMC_SLV_I_NT/GPIO1_A1_D
A 17424400 -2997200 203200 0 3 3 #=84
A 0 0 9 0 3 0 PINTYPE=BI
P 78 17780000 -3302000 17272000 -3302000 0 3 0
L 17195800 -3302000 228600 0 8 0 1 0 VO_LCDC_DEN/DSMC_CLKP/FLEXBUS1_D0/GPIO1_A0_D
A 17424400 -3251200 203200 0 3 3 #=83
A 0 0 9 0 3 0 PINTYPE=BI
P 79 17780000 -3556000 17272000 -3556000 0 3 0
L 17195800 -3556000 228600 0 8 0 1 0 MIPI_DPHY_DSI_TX_D0P/GPO4_A1_Z
A 17424400 -3505200 203200 0 3 3 #=82
A 0 0 9 0 3 0 PINTYPE=BI
P 80 17780000 -3810000 17272000 -3810000 0 3 0
L 17195800 -3810000 228600 0 8 0 1 0 MIPI_DPHY_DSI_TX_D0N/GPO4_A0_Z
A 17424400 -3759200 203200 0 3 3 #=81
A 0 0 9 0 3 0 PINTYPE=BI
P 81 17780000 -4064000 17272000 -4064000 0 3 0
L 17195800 -4064000 228600 0 8 0 1 0 MIPI_DPHY_DSI_TX_D1P/GPO4_A3_Z
A 17424400 -4013200 203200 0 3 3 #=80
A 0 0 9 0 3 0 PINTYPE=BI
P 82 17780000 -4318000 17272000 -4318000 0 3 0
L 17195800 -4318000 228600 0 8 0 1 0 MIPI_DPHY_DSI_TX_D1N/GPO4_A2_Z
A 17424400 -4267200 203200 0 3 3 #=79
A 0 0 9 0 3 0 PINTYPE=BI
P 83 17780000 -4572000 17272000 -4572000 0 3 0
L 17195800 -4572000 228600 0 8 0 1 0 MIPI_DPHY_DSI_TX_CLKP/GPO4_A5_Z
A 17424400 -4521200 203200 0 3 3 #=78
A 0 0 9 0 3 0 PINTYPE=BI
P 84 17780000 -4826000 17272000 -4826000 0 3 0
L 17195800 -4826000 228600 0 8 0 1 0 MIPI_DPHY_DSI_TX_CLKN/GPO4_A4_Z
A 17424400 -4775200 203200 0 3 3 #=77
A 0 0 9 0 3 0 PINTYPE=BI
P 85 17780000 -5080000 17272000 -5080000 0 3 0
L 17195800 -5080000 228600 0 8 0 1 0 AVDD_1V8
A 17424400 -5029200 203200 0 3 3 #=76
A 0 0 9 0 3 0 PINTYPE=BI
P 86 17780000 -5334000 17272000 -5334000 0 3 0
L 17195800 -5334000 228600 0 8 0 1 0 AVDD_0V9
A 17424400 -5283200 203200 0 3 3 #=75
A 0 0 9 0 3 0 PINTYPE=BI
P 87 17780000 -5588000 17272000 -5588000 0 3 0
L 17195800 -5588000 228600 0 8 0 1 0 USB20_OTG1_DP
A 17424400 -5537200 203200 0 3 3 #=74
A 0 0 9 0 3 0 PINTYPE=BI
P 88 17780000 -5842000 17272000 -5842000 0 3 0
L 17195800 -5842000 228600 0 8 0 1 0 USB20_OTG1_DM
A 17424400 -5791200 203200 0 3 3 #=73
A 0 0 9 0 3 0 PINTYPE=BI
P 89 17780000 -6096000 17272000 -6096000 0 3 0
L 17195800 -6096000 228600 0 8 0 1 0 USB20_OTG0_DP
A 17424400 -6045200 203200 0 3 3 #=72
A 0 0 9 0 3 0 PINTYPE=BI
P 90 17780000 -6350000 17272000 -6350000 0 3 0
L 17195800 -6350000 228600 0 8 0 1 0 USB20_OTG0_DM
A 17424400 -6299200 203200 0 3 3 #=71
A 0 0 9 0 3 0 PINTYPE=BI
P 91 17780000 -6604000 17272000 -6604000 0 3 0
L 17195800 -6604000 228600 0 8 0 1 0 USB20_OTG_AVDD3V3
A 17424400 -6553200 203200 0 3 3 #=70
A 0 0 9 0 3 0 PINTYPE=BI
P 92 17780000 -6858000 17272000 -6858000 0 3 0
L 17195800 -6858000 228600 0 8 0 1 0 ACODEC_ADC_AVSS
A 17424400 -6807200 203200 0 3 3 #=69
A 0 0 9 0 3 0 PINTYPE=BI
P 93 17780000 -7112000 17272000 -7112000 0 3 0
L 17195800 -7112000 228600 0 8 0 1 0 ACODEC_ADC_INP
A 17424400 -7061200 203200 0 3 3 #=68
A 0 0 9 0 3 0 PINTYPE=BI
P 94 17780000 -7366000 17272000 -7366000 0 3 0
L 17195800 -7366000 228600 0 8 0 1 0 ACODEC_ADC_INN
A 17424400 -7315200 203200 0 3 3 #=67
A 0 0 9 0 3 0 PINTYPE=BI
P 95 17780000 -7620000 17272000 -7620000 0 3 0
L 17195800 -7620000 228600 0 8 0 1 0 ACODEC_ADC_VCM
A 17424400 -7569200 203200 0 3 3 #=66
A 0 0 9 0 3 0 PINTYPE=BI
P 96 17780000 -7874000 17272000 -7874000 0 3 0
L 17195800 -7874000 228600 0 8 0 1 0 ACODEC_ADC_AVDD1V6
A 17424400 -7823200 203200 0 3 3 #=65
A 0 0 9 0 3 0 PINTYPE=BI
P 97 4826000 13716000 4826000 13208000 0 0 0
L 4826000 13131800 228600 1 8 0 1 0 VSS_4
A 4775200 13360400 203200 1 3 3 #=129
A 0 0 9 0 3 0 PINTYPE=BI
P 98 5080000 13716000 5080000 13208000 0 0 0
L 5080000 13131800 228600 1 8 0 1 0 REF_CLK1_OUT/SPI0_MISO/RM_IO18/GPIO0_C2_D
A 5029200 13360400 203200 1 3 3 #=128
A 0 0 9 0 3 0 PINTYPE=BI
P 99 5334000 13716000 5334000 13208000 0 0 0
L 5334000 13131800 228600 1 8 0 1 0 ETH_CLK1_25M_OUT/SPI0_CSN0/RM_IO19/GPIO0_C3_D
A 5283200 13360400 203200 1 3 3 #=127
A 0 0 9 0 3 0 PINTYPE=BI
P 100 5588000 13716000 5588000 13208000 0 0 0
L 5588000 13131800 228600 1 8 0 1 0 ETH_CLK0_25M_OUT/AUPLL_CLK_IN/RM_IO20/GPIO0_C4_D
A 5537200 13360400 203200 1 3 3 #=126
A 0 0 9 0 3 0 PINTYPE=BI
P 101 5842000 13716000 5842000 13208000 0 0 0
L 5842000 13131800 228600 1 8 0 1 0 CPU_AVS/RM_IO21/GPIO0_C5_Z
A 5791200 13360400 203200 1 3 3 #=125
A 0 0 9 0 3 0 PINTYPE=BI
P 102 6096000 13716000 6096000 13208000 0 0 0
L 6096000 13131800 228600 1 8 0 1 0 UART0_TX/JTAG_TCK_M1/RM_IO22/GPIO0_C6_U
A 6045200 13360400 203200 1 3 3 #=124
A 0 0 9 0 3 0 PINTYPE=BI
P 103 6350000 13716000 6350000 13208000 0 0 0
L 6350000 13131800 228600 1 8 0 1 0 UART0_RX/JTAG_TMS_M1/RM_IO23/GPIO0_C7_U
A 6299200 13360400 203200 1 3 3 #=123
A 0 0 9 0 3 0 PINTYPE=BI
P 104 6604000 13716000 6604000 13208000 0 0 0
L 6604000 13131800 228600 1 8 0 1 0 OSC_XOUT
A 6553200 13360400 203200 1 3 3 #=122
A 0 0 9 0 3 0 PINTYPE=BI
P 105 6858000 13716000 6858000 13208000 0 0 0
L 6858000 13131800 228600 1 8 0 1 0 OSC_XIN
A 6807200 13360400 203200 1 3 3 #=121
A 0 0 9 0 3 0 PINTYPE=BI
P 106 7112000 13716000 7112000 13208000 0 0 0
L 7112000 13131800 228600 1 8 0 1 0 SYS_PLL_AVDD1V8
A 7061200 13360400 203200 1 3 3 #=120
A 0 0 9 0 3 0 PINTYPE=BI
P 107 7366000 13716000 7366000 13208000 0 0 0
L 7366000 13131800 228600 1 8 0 1 0 OSC_CLK_OUT/REF_CLK0_OUT/GPIO0_D0_D
A 7315200 13360400 203200 1 3 3 #=119
A 0 0 9 0 3 0 PINTYPE=BI
P 108 7620000 13716000 7620000 13208000 0 0 0
L 7620000 13131800 228600 1 8 0 1 0 VO_LCDC_D0/DSMC_CSN3/FLEXBUS0_D0/UART5_RX_M1/RM_IO31/DS_MC_SLV_RDYN/GPIO1_D3_D
A 7569200 13360400 203200 1 3 3 #=118
A 0 0 9 0 3 0 PINTYPE=BI
P 109 7874000 13716000 7874000 13208000 0 0 0
L 7874000 13131800 228600 1 8 0 1 0 VO_LCDC_D1/DSMC_CSN2/FLEXBUS0_D1/UART5_TX_M1/RM_IO30/DSM_C_SLV_CSN0/GPIO1_D2_D
A 7823200 13360400 203200 1 3 3 #=117
A 0 0 9 0 3 0 PINTYPE=BI
P 110 8128000 13716000 8128000 13208000 0 0 0
L 8128000 13131800 228600 1 8 0 1 0 VO_LCDC_D2/DSMC_DQS1/FLEXBUS0_D2/DSM_AUD_LP_M0/UART5_RT_SN_M1/RM_IO29/DSMC_SLV_D7/GPIO1_D1_D
A 8077200 13360400 203200 1 3 3 #=116
A 0 0 9 0 3 0 PINTYPE=BI
P 111 8382000 13716000 8382000 13208000 0 0 0
L 8382000 13131800 228600 1 8 0 1 0 VO_LCDC_D3/DSMC_D15/FLEXBUS0_D3/DSM_AUD_LN_M0/DSMC_SLV__D6/GPIO1_D0_D
A 8331200 13360400 203200 1 3 3 #=115
A 0 0 9 0 3 0 PINTYPE=BI
P 112 8636000 13716000 8636000 13208000 0 0 0
L 8636000 13131800 228600 1 8 0 1 0 VO_LCDC_D4/DSMC_D14/FLEXBUS0_D4/DSMC_SLV_D5/GPIO1_C7_D
A 8585200 13360400 203200 1 3 3 #=114
A 0 0 9 0 3 0 PINTYPE=BI
P 113 8890000 13716000 8890000 13208000 0 0 0
L 8890000 13131800 228600 1 8 0 1 0 VO_LCDC_D5/DSMC_D13/FLEXBUS0_D5/DSMC_SLV_D4/GPIO1_C6_D
A 8839200 13360400 203200 1 3 3 #=113
A 0 0 9 0 3 0 PINTYPE=BI
P 114 9144000 13716000 9144000 13208000 0 0 0
L 9144000 13131800 228600 1 8 0 1 0 CPU_DVDD_2
A 9093200 13360400 203200 1 3 3 #=112
A 0 0 9 0 3 0 PINTYPE=BI
P 115 9398000 13716000 9398000 13208000 0 0 0
L 9398000 13131800 228600 1 8 0 1 0 VSS_3
A 9347200 13360400 203200 1 3 3 #=111
A 0 0 9 0 3 0 PINTYPE=BI
P 116 9652000 13716000 9652000 13208000 0 0 0
L 9652000 13131800 228600 1 8 0 1 0 LOGIC_DVDD_3
A 9601200 13360400 203200 1 3 3 #=110
A 0 0 9 0 3 0 PINTYPE=BI
P 117 9906000 13716000 9906000 13208000 0 0 0
L 9906000 13131800 228600 1 8 0 1 0 VO_LCDC_D6/DSMC_D12/FLEXBUS0_D6/DSMC_SLV_D3/GPIO1_C5_D
A 9855200 13360400 203200 1 3 3 #=109
A 0 0 9 0 3 0 PINTYPE=BI
P 118 10160000 13716000 10160000 13208000 0 0 0
L 10160000 13131800 228600 1 8 0 1 0 VO_LCDC_D7/DSMC_D11/FLEXBUS0_D7/DSMC_SLV_D2/GPIO1_C4_D
A 10109200 13360400 203200 1 3 3 #=108
A 0 0 9 0 3 0 PINTYPE=BI
P 119 10414000 13716000 10414000 13208000 0 0 0
L 10414000 13131800 228600 1 8 0 1 0 VO_LCDC_D8/DSMC_D10/FLEXBUS0_D8/FLEXBUS1_CSN_M5/SAI2_SDO__M1/RM_IO28/DSMC_SLV_D1/GPIO1_C3_D
A 10363200 13360400 203200 1 3 3 #=107
A 0 0 9 0 3 0 PINTYPE=BI
P 120 10668000 13716000 10668000 13208000 0 0 0
L 10668000 13131800 228600 1 8 0 1 0 VO_LCDC_D9/DSMC_D9/FLEXBUS0_D9/DSM_AUD_RP_M0/FLEXBUS0_C_SN_M5/SAI2_SDI_M1/RM_IO27/DSMC_SLV_D0/GPIO1_
A 10617200 13360400 203200 1 3 3 #=106
A 0 0 9 0 3 0 PINTYPE=BI
P 121 10922000 13716000 10922000 13208000 0 0 0
L 10922000 13131800 228600 1 8 0 1 0 VO_LCDC_D10/DSMC_D8/FLEXBUS0_CLK/DSM_AUD_RN_M0/FLEXBUS1__CSN_M4/SAI2_MCLK_M1/DSMC_SLV_DQS0/GPIO1_C1_
A 10871200 13360400 203200 1 3 3 #=105
A 0 0 9 0 3 0 PINTYPE=BI
P 122 11176000 13716000 11176000 13208000 0 0 0
L 11176000 13131800 228600 1 8 0 1 0 VO_LCDC_D11/DSMC_RESETN/FLEXBUS1_CLK/DSMC_INT1/FLEXBUS0__CSN_M4/DSMC_SLV_CLK/GPIO1_C0_D
A 11125200 13360400 203200 1 3 3 #=104
A 0 0 9 0 3 0 PINTYPE=BI
P 123 11430000 13716000 11430000 13208000 0 0 0
L 11430000 13131800 228600 1 8 0 1 0 VCCIO1_VCC_2
A 11379200 13360400 203200 1 3 3 #=103
A 0 0 9 0 3 0 PINTYPE=BI
P 124 11684000 13716000 11684000 13208000 0 0 0
L 11684000 13131800 228600 1 8 0 1 0 VO_LCDC_D12/DSMC_RDYN/FLEXBUS1_D15/FLEXBUS0_D10/FLEXBUS1__CSN_M3/GPIO1_B7_D
A 11633200 13360400 203200 1 3 3 #=102
A 0 0 9 0 3 0 PINTYPE=BI
P 125 11938000 13716000 11938000 13208000 0 0 0
L 11938000 13131800 228600 1 8 0 1 0 VO_LCDC_D13/DSMC_CSN0/FLEXBUS1_D14/FLEXBUS0_D11/FLEXBUS0__CSN_M3/GPIO1_B6_D
A 11887200 13360400 203200 1 3 3 #=101
A 0 0 9 0 3 0 PINTYPE=BI
P 126 12192000 13716000 12192000 13208000 0 0 0
L 12192000 13131800 228600 1 8 0 1 0 VO_LCDC_D14/DSMC_D7/FLEXBUS1_D13/FLEXBUS0_D12/FLEXBUS1_C_SN_M2/GPIO1_B5_D
A 12141200 13360400 203200 1 3 3 #=100
A 0 0 9 0 3 0 PINTYPE=BI
P 127 12446000 13716000 12446000 13208000 0 0 0
L 12446000 13131800 228600 1 8 0 1 0 VO_LCDC_D15/DSMC_D6/FLEXBUS1_D12/FLEXBUS0_D13/FLEXBUS0_C_SN_M2/GPIO1_B4_D
A 12395200 13360400 203200 1 3 3 #=99
A 0 0 9 0 3 0 PINTYPE=BI
P 128 12700000 13716000 12700000 13208000 0 0 0
L 12700000 13131800 228600 1 8 0 1 0 VO_LCDC_D16/DSMC_INT3/FLEXBUS1_D11/FLEXBUS0_D14/FLEXBUS1__CSN_M1/SAI2_LRCK_M1/RM_IO26/GPIO1_B3_D
A 12649200 13360400 203200 1 3 3 #=98
A 0 0 9 0 3 0 PINTYPE=BI
P 129 12954000 13716000 12954000 13208000 0 0 0
L 12954000 13131800 228600 1 8 0 1 0 VO_LCDC_D17/DSMC_INT2/FLEXBUS1_D10/FLEXBUS0_D15/FLEXBUS0__CSN_M1/SAI2_SCLK_M1/RM_IO25/GPIO1_B2_D
A 12903200 13360400 203200 1 3 3 #=97
A 0 0 9 0 3 0 PINTYPE=BI
E
